../../.git/annex/objects/8Q/F7/MD5E-s136--639661359bfe9619a194da16f412337e.csv/MD5E-s136--639661359bfe9619a194da16f412337e.csv